[GOS]
IP=127.0.0.1
PORT=5972
ID=0
TIMER=500
WRITE=120
UPDATE=60
READ=10
RULE=60
LONGITUDE=-128.856632
LATITUDE=37.798953

[DATABASE]
#HOST,DB,USER,PASSWD
LOCATION=127.0.0.1;farmos;root;farmos;

